[Coordinate System]
XMax=9.232492997198879
XMin=-6.767507002801119
YMax=14.36978756884342
YMin=-1.63021243115656
